image: map.pgm
resolution: 0.01
# origin: [-16.29975, -17.699692, 0.1]
origin: [-15, -15, 0.0]
occupied_thresh: 0.65
free_thresh: 0.196
negate: 0
